"TOA5","24368","CR1000","24368","CR1000.Std.16","CPU:EL-RD1050727.CR1","18094","Table3"
"TIMESTAMP","RECORD","AirTC_Avg","RH_Avg","Soil_T_Avg","Rain_05mm_Tot","Rain_01mm_Tot","Solar_q1_Avg","Solar_Wm2_Avg","BattV","Press_bar_Avg","WS_ms_S_WVT","WindDir_D1_WVT"
"TS","RN","Deg C","%","Deg C","Counts/Hz","mm","mV","mV","Volts","mV","meters/second","Deg"
"","","Avg","Avg","Avg","Tot","Tot","Avg","Avg","Smp","Avg","WVc","WVc"
"2019-03-07 00:00:00",946,10.43,95.9,19.64,4,4.5,178,94.1,12.71,813,1.315,88
"2019-03-08 00:00:00",947,5.667,100,19.42,37.5,39.3,101.5,49.5,12.73,813,1.865,157.3
"2019-03-09 00:00:00",948,6.034,99.8,18.41,16,17.1,183.6,99.7,12.74,814,2.487,170.9
"2019-03-10 00:00:00",949,9.83,99.7,18.77,23,24.1,151.2,81.4,12.73,812,1.955,153.4
"2019-03-11 00:00:00",950,11.14,92.3,19.49,4,4.8,312.1,171.9,12.71,812,2.092,200.8
"2019-03-12 00:00:00",951,7.996,97.4,19.72,1,1.6,234.5,128.5,12.74,811,1.369,178.3
"2019-03-13 00:00:00",952,8.03,88.5,19.59,0,0.2,417.6,236.4,12.72,814,1.586,145.8
"2019-03-14 00:00:00",953,5.564,99.7,19.42,7,7.6,87.5,45.01,12.73,816,2.811,173.7
"2019-03-15 00:00:00",954,9.14,96.3,18.96,0.5,0.5,240.9,135,12.72,817,2.209,171.9
"2019-03-16 00:00:00",955,6.796,92.7,19.41,0.5,0.9,153.2,79.33,12.7,817,2.59,3.395
"2019-03-17 00:00:00",956,3.678,89.3,18.49,0,0.1,150.5,82.9,12.72,816,3.273,172
"2019-03-18 00:00:00",957,8.8,97.8,18.29,0,0.2,139.2,74.86,12.72,817,1.962,168.6
"2019-03-19 00:00:00",958,11.5,96.2,19.06,1,0.6,177.4,97.7,12.7,816,1.032,165.7
"2019-03-20 00:00:00",959,11.53,94.4,19.5,0,0.2,206.4,114,12.69,816,1.664,149.7
"2019-03-21 00:00:00",960,15.97,71.01,20.11,0,0,477.4,267.5,12.72,817,1.365,159.1
"2019-03-22 00:00:00",961,17.58,57.47,21.62,0,0,496.8,279.2,12.7,817,0.629,91.3
"2019-03-23 00:00:00",962,10.99,99.1,22,2.5,3.7,122.3,66.68,12.7,815,0.316,170
"2019-03-24 00:00:00",963,8.64,97.8,21.03,3,3.4,225.1,122.2,12.76,816,1.645,114.8
"2019-03-25 00:00:00",964,6.98,98.3,19.97,6,6.3,189,101,12.76,815,1.13,170
"2019-03-26 00:00:00",965,9.69,97.3,19.68,2.5,3.2,87.1,45.13,12.76,815,0.727,2.269
"2019-03-27 00:00:00",966,11.46,74.48,19.51,0.5,0.1,399.6,225.8,12.74,819,0.591,158.7
"2019-03-28 00:00:00",967,14.22,66.54,20.19,0,0,449,257.2,12.71,819,0.55,162.1
"2019-03-29 00:00:00",968,15.92,69.02,21.37,0,0,433.9,252.5,12.7,816,0.455,1.485
"2019-03-30 00:00:00",969,14.44,73.41,21.83,0,0.6,241.7,137.7,12.7,813,0.396,163.4
"2019-03-31 00:00:00",970,12.24,96.3,21.48,7,7.3,247.8,140.7,12.72,815,0.672,176.1
"2019-04-01 00:00:00",971,8.2,99.9,21.04,4.5,5.3,138.6,78.26,12.72,817,1.726,13.41
"2019-04-02 00:00:00",972,6.339,100,20.02,7,6.7,95.1,49.46,12.72,817,0.598,26.04
"2019-04-03 00:00:00",973,8.83,99,19.5,0,0.4,207.6,118.5,12.71,817,1.75,176.8
"2019-04-04 00:00:00",974,11.42,97,19.85,4.5,5,171.7,95.9,12.68,817,0.349,43
"2019-04-05 00:00:00",975,12.88,95.8,20.37,0.5,0.2,245.5,142.5,12.71,817,0.682,160.4
"2019-04-06 00:00:00",976,13.69,94.1,20.91,0.5,1.2,211.9,119.3,12.7,815,0.228,63.61
"2019-04-07 00:00:00",977,13.99,82.3,21.22,0,0.2,453.1,254.3,12.7,816,0.404,164
"2019-04-08 00:00:00",978,15.64,70.79,21.68,0,0,342.1,197.5,12.71,816,0.445,213.2
"2019-04-09 00:00:00",979,14.36,83.4,21.94,0,0,299,172.6,12.73,817,0.344,163.1
"2019-04-10 00:00:00",980,17.59,56.62,22.11,0,0,448.9,258.7,12.73,816,0.403,197.8
"2019-04-11 00:00:00",981,17.94,68.99,22.91,0,0.7,418.2,241.9,12.73,816,0.987,186.6
"2019-04-12 00:00:00",982,15.01,90.1,23.36,2.5,2.7,430.2,248,12.74,814,1.314,156.9
"2019-04-13 00:00:00",983,12.45,94.8,23.3,0,0.2,345.9,195.8,12.75,816,0.995,171.9
"2019-04-14 00:00:00",984,12.71,95.4,22.57,25.5,25.7,246.7,141.8,12.74,817,0.693,165.6
"2019-04-15 00:00:00",985,13.06,97.3,21.87,16.5,16.9,181.6,100.3,12.75,816,0.669,359
"2019-04-16 00:00:00",986,10.08,100,21.36,2,2.3,138.1,71.37,12.76,815,0.763,9.47
"2019-04-17 00:00:00",987,12.48,99,21.05,9,9.6,146,77.6,12.76,814,0.175,112.5
"2019-04-18 00:00:00",988,12.01,98.4,21.08,0,0.3,195.7,108.8,12.75,813,0.224,167
"2019-04-19 00:00:00",989,13.66,90.5,21,0.5,0.2,329.5,192.4,12.75,815,0.584,168.5
"2019-04-20 00:00:00",990,12.99,94.8,21.4,7.5,8.4,242.3,132.1,12.74,814,0.737,169
"2019-04-21 00:00:00",991,14.93,93.9,21.68,4,3.9,279.5,156.4,12.76,814,0.418,167.2
"2019-04-22 00:00:00",992,15.25,93.6,22.01,11.5,12.2,248.4,138.1,12.77,814,0.316,235.1
"2019-04-23 00:00:00",993,15.53,95.5,22.1,2.5,2.7,188.2,104.9,12.76,815,0.162,154.3
"2019-04-24 00:00:00",994,16.92,93,22.29,0.5,0.1,255.4,142.9,12.77,816,0.668,30
"2019-04-25 00:00:00",995,19.45,74.12,22.82,0,0,506.5,279.2,12.76,817,0.452,147.9
"2019-04-26 00:00:00",996,19.77,62.26,23.64,0,0,467,261.7,12.76,816,0.505,30.04
"2019-04-27 00:00:00",997,15.13,95.3,23.67,6,6.2,207.7,115.7,12.77,816,0.918,167.4
"2019-04-28 00:00:00",998,13.87,99.9,22.98,46,44.5,115.7,61.69,12.79,818,0.44,14.55
"2019-04-29 00:00:00",999,14.55,97,22.48,1,1,203.2,114.3,12.79,818,0.409,101.5
"2019-04-30 00:00:00",1000,15.03,96,22.33,6,5.6,249.6,143.4,12.78,816,0.617,159.3
"2019-05-01 00:00:00",1001,16,92.1,22.45,0,0.1,314.2,178.5,12.77,814,0.855,8.27
"2019-05-02 00:00:00",1002,13.25,98.8,22.67,19,20,171.8,94.1,12.78,812,1.443,357.1
"2019-05-03 00:00:00",1003,7.955,96.9,21.46,39.5,40.9,91.3,47.72,12.78,813,1.378,169.7
"2019-05-04 00:00:00",1004,8.95,100,20.3,4.5,4.5,109.1,59.52,12.79,814,1.004,153.7
"2019-05-05 00:00:00",1005,9.67,100,20.18,5.5,6,141.4,79.17,12.79,815,1.526,175.6
"2019-05-06 00:00:00",1006,10.74,99.4,20.24,4,4.4,171.4,95.7,12.76,813,0.627,175.7
"2019-05-07 00:00:00",1007,10.22,100,20.34,34.5,35.8,99.3,51.53,12.78,812,1.53,156
"2019-05-08 00:00:00",1008,9.51,100,20.1,10.5,11.2,156.3,87.9,12.78,812,2.136,7.807
"2019-05-09 00:00:00",1009,12.13,99.1,20.17,1,0.8,172.6,96.5,12.76,812,0.873,173.3
"2019-05-10 00:00:00",1010,13.53,99.2,20.81,22,23.8,151.5,81.9,12.76,812,0.067,181
"2019-05-11 00:00:00",1011,14.77,98.9,21.41,21,22.4,223.9,130.8,12.77,814,0.204,183
"2019-05-12 00:00:00",1012,15.17,97.2,21.78,2.5,2.5,214.8,122.5,12.76,816,0.314,148.1
"2019-05-13 00:00:00",1013,15.54,95.4,21.97,7.5,8,315.8,183.4,12.75,817,0.007,22.96
"2019-05-14 00:00:00",1014,15.53,97.5,22.23,2,2,223.1,127.5,12.76,816,0.155,23.75
"2019-05-15 00:00:00",1015,16.91,94.5,22.35,0.5,0.6,260,151.6,12.76,816,0.047,165.3
"2019-05-16 00:00:00",1016,16.07,93.7,22.58,26,24.3,271.4,154.9,12.76,816,0.007,13.75
"2019-05-17 00:00:00",1017,16.98,95.7,22.73,0,0,233.5,128.7,12.76,814,0.009,269.9
"2019-05-18 00:00:00",1018,15.28,99.3,22.88,14,15.1,115.4,60.58,12.8,812,0.02,266.2
"2019-05-19 00:00:00",1019,15.35,98.9,22.75,11.5,11.8,165.8,91.1,12.78,812,0.462,171.9
"2019-05-20 00:00:00",1020,17.16,94.7,22.78,0,0.4,291,165.2,12.77,815,0.346,163.1
"2019-05-21 00:00:00",1021,14.58,99.6,22.91,13.5,13.1,92.8,48.03,12.79,813,1.432,10.44
"2019-05-22 00:00:00",1022,13.31,95.1,22.48,0.5,0.3,350.1,197.1,12.77,813,0.861,356.3
"2019-05-23 00:00:00",1023,14.36,94,22.58,1.5,1.8,281.7,159.9,12.77,814,0.456,178.9
"2019-05-24 00:00:00",1024,12.97,100,22.4,17.5,16.9,117.9,63.56,12.78,814,0.581,174.3
"2019-05-25 00:00:00",1025,13.76,98,22.13,8,8.5,226.6,133.4,12.77,816,0.754,171.4
"2019-05-26 00:00:00",1026,14.14,96.4,22.18,0.5,0.1,280,162.6,12.78,816,0.224,169.5
"2019-05-27 00:00:00",1027,15.92,92.5,22.3,0,0.4,274.9,156.7,12.78,816,0.026,164
"2019-05-28 00:00:00",1028,15.33,97.6,22.59,44.5,39.3,185.9,102.8,12.78,815,0.838,5.079
"2019-05-29 00:00:00",1029,15.39,99.2,22.64,4,4.2,165.2,85.9,12.78,815,0.05,322.5
"2019-05-30 00:00:00",1030,15.57,98.6,22.74,5,4.6,174.2,92.8,12.78,815,0.017,350.7
"2019-05-31 00:00:00",1031,16.41,95.9,22.9,0,0.7,308.8,175.1,12.77,816,0.364,61.87
"2019-06-01 00:00:00",1032,15.96,97.5,23.12,87.5,78.5,152.5,83.9,12.79,815,0.44,42.03
"2019-06-02 00:00:00",1033,16.61,98.5,23.13,1.5,2,207,113,12.77,814,0.137,170.5
"2019-06-03 00:00:00",1034,17.21,96.4,23.46,0.5,0,203.5,111.6,12.8,814,0.139,139.2
"2019-06-04 00:00:00",1035,16.8,93.9,23.63,0,0.3,281.8,155.5,12.78,815,0.456,169.3
"2019-06-05 00:00:00",1036,16.12,94.1,23.57,7,6.6,191.7,103.9,12.8,816,0.215,7.265
"2019-06-06 00:00:00",1037,16.89,96.3,23.44,7.5,7.3,260.6,152.5,12.79,817,0.86,167.5
